9 0.496429 0.513810 0.535714 0.421905
2 0.495714 0.512857 0.535714 0.421905
6 0.460000 0.544762 0.012857 0.019048
6 0.420000 0.578095 0.011429 0.019048
6 0.569643 0.566190 0.012143 0.020000
6 0.517143 0.611429 0.011429 0.020952
6 0.513929 0.633333 0.010714 0.017143
6 0.432500 0.650000 0.013571 0.016190
6 0.449286 0.662857 0.010000 0.017143
6 0.493571 0.655238 0.010000 0.017143
6 0.603571 0.651429 0.010000 0.019048
6 0.509643 0.541905 0.010714 0.019048
6 0.338214 0.531905 0.010714 0.020000
6 0.328929 0.577143 0.013571 0.015238
6 0.569643 0.615714 0.010714 0.014286
