9 0.525000 0.531250 0.950000 0.822500
2 0.525000 0.531250 0.950000 0.822500
6 0.537500 0.422500 0.030000 0.030000
6 0.553750 0.492500 0.032500 0.035000
6 0.657500 0.378750 0.025000 0.032500
6 0.613750 0.457500 0.027500 0.035000
6 0.746250 0.500000 0.027500 0.040000
6 0.703750 0.523750 0.032500 0.047500
6 0.818750 0.557500 0.032500 0.030000
6 0.850000 0.597500 0.035000 0.050000
6 0.347500 0.445000 0.030000 0.045000
6 0.311250 0.343750 0.022500 0.032500
6 0.813750 0.405000 0.037500 0.035000
6 0.737500 0.437500 0.035000 0.035000
6 0.328750 0.600000 0.022500 0.040000
6 0.263750 0.458750 0.027500 0.042500
6 0.626250 0.591250 0.037500 0.047500
6 0.707500 0.847500 0.025000 0.030000
