9 0.530469 0.637500 0.420312 0.725000
6 0.507812 0.393750 0.021875 0.031250
6 0.597656 0.741406 0.014063 0.023438
6 0.612500 0.803906 0.015625 0.020313
6 0.438281 0.900000 0.010937 0.015625
6 0.635156 0.838281 0.017188 0.020313
6 0.377344 0.724219 0.017188 0.026562
6 0.418750 0.568750 0.015625 0.028125
6 0.701562 0.745313 0.015625 0.025000
6 0.636719 0.896094 0.017188 0.023438
6 0.448437 0.946094 0.018750 0.023438
6 0.481250 0.967187 0.018750 0.028125
6 0.392188 0.867969 0.018750 0.026562
6 0.682031 0.829688 0.020313 0.021875
