10 0.569531 0.425781 0.467187 0.626563
6 0.574219 0.626563 0.017188 0.018750
6 0.457031 0.638281 0.014063 0.017188
6 0.723437 0.608594 0.009375 0.014063
6 0.419531 0.517969 0.010937 0.014063
6 0.430469 0.468750 0.014063 0.015625
6 0.403906 0.417187 0.010937 0.018750
6 0.400781 0.302344 0.014063 0.017188
6 0.400781 0.185156 0.014063 0.017188
6 0.371094 0.267969 0.010937 0.017188
6 0.423438 0.258594 0.012500 0.023438
6 0.579688 0.187500 0.012500 0.015625
6 0.489063 0.684375 0.009375 0.015625
6 0.514062 0.678906 0.009375 0.014063
6 0.453906 0.607031 0.010937 0.014063
