9 0.464600 0.371429 0.181152 0.288645
10 0.463623 0.369963 0.181152 0.288645
2 0.463623 0.371429 0.181152 0.288645
6 0.443848 0.383516 0.004883 0.009524
6 0.427734 0.396703 0.004883 0.009524
6 0.440186 0.405495 0.004395 0.009524
6 0.454346 0.316484 0.007324 0.011722
6 0.510742 0.370330 0.005859 0.012454
6 0.483154 0.383516 0.005371 0.012454
6 0.452881 0.422711 0.006348 0.010256
6 0.501953 0.421245 0.004883 0.010256
6 0.462158 0.432601 0.005371 0.010989
6 0.447021 0.448352 0.006348 0.011722
6 0.472656 0.430037 0.004883 0.010256
6 0.462891 0.340659 0.005859 0.008791
6 0.501709 0.457509 0.005371 0.010989
6 0.489990 0.338462 0.005371 0.008791
