9 0.558594 0.438281 0.392188 0.657813
5 0.558594 0.438281 0.392188 0.657813
19 0.524219 0.745313 0.082812 0.046875
6 0.522656 0.414844 0.014063 0.017188
6 0.629687 0.394531 0.012500 0.014063
6 0.469531 0.434375 0.010937 0.015625
6 0.488281 0.475781 0.010937 0.017188
6 0.509375 0.526563 0.009375 0.012500
6 0.520312 0.464844 0.012500 0.017188
6 0.666406 0.515625 0.014063 0.018750
6 0.541406 0.524219 0.010937 0.014063
6 0.528906 0.572656 0.014063 0.014063
6 0.648438 0.317188 0.012500 0.012500
6 0.614844 0.363281 0.017188 0.017188
6 0.460938 0.388281 0.015625 0.020313
6 0.598437 0.482031 0.012500 0.010937
