9 0.449463 0.330403 0.220215 0.413187
2 0.449463 0.329670 0.220215 0.413187
6 0.464355 0.377656 0.006836 0.015385
6 0.410889 0.388645 0.006348 0.012454
6 0.394775 0.423443 0.004395 0.011722
6 0.416992 0.403663 0.004883 0.010256
6 0.486572 0.386813 0.007324 0.013187
6 0.405029 0.371795 0.006348 0.015385
6 0.400391 0.386081 0.004883 0.011722
6 0.388916 0.382784 0.007324 0.012454
6 0.403564 0.425275 0.006348 0.012454
6 0.460693 0.419780 0.007324 0.013187
6 0.473633 0.431502 0.007812 0.014652
6 0.474609 0.450916 0.004883 0.009524
6 0.462646 0.455311 0.005371 0.010989
6 0.416504 0.419780 0.003906 0.008791
6 0.380127 0.354945 0.007324 0.013919
7 0.436035 0.266667 0.015625 0.134799
6 0.367920 0.256044 0.006348 0.012454
6 0.516846 0.291941 0.006348 0.010989
