9 0.520752 0.282051 0.220215 0.360440
2 0.520752 0.282051 0.220215 0.360440
6 0.479980 0.337729 0.005859 0.010256
6 0.473633 0.351648 0.005859 0.008791
6 0.569580 0.317582 0.006348 0.008059
6 0.499268 0.371062 0.006348 0.012454
6 0.519531 0.350549 0.005859 0.010989
6 0.550049 0.348718 0.006348 0.008791
6 0.532471 0.371795 0.005371 0.012454
6 0.533447 0.395971 0.007324 0.010989
6 0.467041 0.364835 0.006348 0.008791
6 0.461670 0.312454 0.005371 0.009524
6 0.444336 0.315751 0.006836 0.011722
6 0.468018 0.396337 0.005371 0.008791
6 0.515137 0.373993 0.004883 0.008059
6 0.581543 0.254945 0.004883 0.008791
6 0.600342 0.273626 0.005371 0.012454
6 0.584717 0.284615 0.006348 0.010989
6 0.473877 0.371795 0.005371 0.009524
6 0.467773 0.412821 0.006836 0.009524
