9 0.445068 0.341392 0.242676 0.238828
15 0.365479 0.313553 0.074707 0.158242
15 0.528076 0.321612 0.067871 0.161172
6 0.489014 0.330769 0.006348 0.010989
6 0.482910 0.352381 0.005859 0.010256
6 0.490479 0.361172 0.005371 0.010256
6 0.472900 0.367399 0.005371 0.009524
6 0.470215 0.386447 0.004883 0.009524
6 0.461670 0.395238 0.006348 0.009524
6 0.479248 0.395238 0.004395 0.012454
6 0.461182 0.412454 0.006348 0.007326
6 0.465820 0.438828 0.005859 0.007326
6 0.470215 0.426740 0.004883 0.008059
6 0.488770 0.404396 0.004883 0.007326
19 0.442627 0.445788 0.073730 0.025641
