9 0.507324 0.301099 0.244141 0.265201
2 0.507324 0.301099 0.244141 0.265201
8 0.397461 0.317216 0.021484 0.063004
6 0.433838 0.357509 0.004395 0.007326
6 0.576416 0.287179 0.006348 0.008791
6 0.582764 0.309158 0.006348 0.010256
6 0.561279 0.341392 0.007324 0.010256
6 0.575684 0.321978 0.005859 0.012454
6 0.450684 0.341026 0.004883 0.010989
6 0.566162 0.292674 0.005371 0.010989
6 0.582275 0.341758 0.005371 0.009524
6 0.568115 0.357875 0.006348 0.009524
6 0.528320 0.365568 0.004883 0.010256
6 0.534180 0.369963 0.004883 0.010256
6 0.465576 0.395238 0.005371 0.010989
6 0.519043 0.386813 0.005859 0.008791
6 0.448975 0.357875 0.005371 0.010989
6 0.456787 0.344689 0.004395 0.010989
