9 0.488525 0.338462 0.203613 0.312088
6 0.455078 0.284982 0.005859 0.011722
6 0.545410 0.352747 0.005859 0.008059
6 0.472168 0.342857 0.004883 0.008791
6 0.451416 0.412454 0.005371 0.010256
6 0.513184 0.399634 0.003906 0.008059
6 0.509766 0.422344 0.005859 0.008059
6 0.447510 0.432601 0.005371 0.009524
6 0.517822 0.440659 0.004395 0.009524
6 0.470459 0.323443 0.006348 0.012454
6 0.447021 0.368864 0.005371 0.010989
6 0.457031 0.404396 0.005859 0.008791
6 0.517334 0.453846 0.004395 0.008059
6 0.453857 0.453114 0.006348 0.010989
