1 0.153704 0.141667 0.188889 0.081944
1 0.590741 0.178125 0.174074 0.181250
1 0.849074 0.173611 0.131481 0.069444
1 0.179630 0.515972 0.120370 0.125000
7 0.491667 0.501736 0.070370 0.068750
2 0.839815 0.488889 0.144444 0.108333
2 0.498148 0.146528 0.344444 0.284722
2 0.154630 0.185069 0.205556 0.207639
9 0.158333 0.832292 0.216667 0.225694
1 0.120833 0.792708 0.075000 0.079861
9 0.506019 0.881944 0.186111 0.209722
1 0.515278 0.846181 0.149074 0.097917
9 0.822222 0.872222 0.238889 0.231944
1 0.825926 0.920139 0.142593 0.076389
