1 0.153241 0.152778 0.186111 0.072222
9 0.156481 0.187847 0.203704 0.200694
1 0.589815 0.168056 0.151852 0.159722
9 0.497685 0.146181 0.337963 0.288194
1 0.846296 0.209722 0.120370 0.122222
9 0.831019 0.189583 0.250926 0.252778
2 0.497685 0.146181 0.337963 0.288194
2 0.831019 0.189583 0.250926 0.252778
1 0.170370 0.520139 0.118519 0.108333
9 0.170370 0.537153 0.244444 0.200694
2 0.518981 0.536806 0.169444 0.148611
9 0.837037 0.484375 0.131481 0.103472
9 0.160648 0.832639 0.219444 0.226389
2 0.159722 0.832639 0.219444 0.226389
9 0.506481 0.880903 0.183333 0.209028
9 0.824074 0.870486 0.233333 0.231250
2 0.824074 0.870486 0.233333 0.231250
