9 0.453399 0.516310 0.577851 0.473958
6 0.287646 0.667900 0.015351 0.015077
6 0.613852 0.640351 0.013523 0.012061
6 0.635417 0.591694 0.010599 0.010691
6 0.656615 0.638158 0.012061 0.009868
6 0.276864 0.603893 0.011330 0.010965
6 0.253107 0.612390 0.012061 0.010965
6 0.254934 0.639391 0.012792 0.015625
6 0.561404 0.675576 0.013158 0.010143
6 0.549525 0.688185 0.015716 0.009594
6 0.555190 0.706003 0.013889 0.010143
6 0.322551 0.405565 0.016447 0.018366
6 0.369518 0.445724 0.017544 0.015899
6 0.571820 0.414748 0.014985 0.012061
