6 0.509881 0.417222 0.059289 0.036667
6 0.648221 0.276111 0.063241 0.036667
6 0.203557 0.497222 0.051383 0.030000
6 0.572134 0.537778 0.045455 0.037778
6 0.474308 0.526111 0.051383 0.032222
6 0.337945 0.478889 0.051383 0.031111
6 0.342885 0.525556 0.069170 0.031111
6 0.348814 0.580000 0.045455 0.024444
6 0.434783 0.584444 0.059289 0.037778
6 0.542490 0.596667 0.057312 0.035556
6 0.899209 0.478889 0.079051 0.044444
6 0.205534 0.657222 0.075099 0.045556
6 0.116601 0.673333 0.071146 0.035556
6 0.275692 0.317778 0.057312 0.042222
6 0.353755 0.343889 0.047431 0.032222
6 0.358696 0.422778 0.045455 0.025556
