10 0.356034 0.516818 0.608621 0.508409
6 0.278448 0.644890 0.018966 0.014230
6 0.459483 0.694049 0.015517 0.011643
6 0.455172 0.713454 0.013793 0.011643
6 0.287931 0.613195 0.013793 0.012937
6 0.318966 0.664942 0.017241 0.012937
6 0.316379 0.706339 0.012069 0.012937
6 0.244828 0.594437 0.013793 0.014230
6 0.226724 0.636481 0.015517 0.012937
6 0.625862 0.572445 0.013793 0.011643
6 0.620690 0.596378 0.013793 0.012937
6 0.553448 0.447607 0.013793 0.015524
6 0.569828 0.419793 0.015517 0.016818
6 0.306897 0.512937 0.017241 0.011643
6 0.107759 0.587322 0.012069 0.012937
6 0.307759 0.725097 0.012069 0.011643
6 0.275862 0.734799 0.013793 0.012937
6 0.297414 0.700517 0.012069 0.014230
6 0.175862 0.377102 0.013793 0.014230
6 0.135345 0.412031 0.015517 0.014230
6 0.141379 0.669470 0.013793 0.014230
